{
  "advancedEditorSelectedIdentifier" : "ProjectBrowser",
  "openSceneRelativePaths" : [
    "Immersive.usda",
    "Scene.usda",
    "Untitled Scene.usda"
  ],
  "recentIdentifiers" : {

  },
  "sceneCameraHistory" : {
    "0CAB2D97-057F-4AB2-B96B-EFA1C2C79ED9" : [
      {
        "date" : 784704718.13002,
        "title" : "Untitled",
        "transform" : [
          0.9999176,
          6.5951107e-12,
          -0.012835688,
          0,
          -0.00782098,
          0.7929278,
          -0.6092653,
          0,
          0.010177771,
          0.6093155,
          0.7928625,
          0,
          -0.03346704,
          2.2059085,
          2.9972396,
          1
        ]
      },
      {
        "date" : 784692036.368149,
        "title" : "Untitled",
        "transform" : [
          1,
          0,
          0,
          0,
          0,
          0.7071069,
          -0.70710677,
          0,
          0,
          0.70710677,
          0.7071069,
          0,
          0.053155214,
          1.1194607,
          1.001006,
          1
        ]
      },
      {
        "date" : 784691979.826405,
        "title" : "Untitled",
        "transform" : [
          1,
          0,
          0,
          0,
          0,
          0.7071069,
          -0.70710677,
          0,
          0,
          0.70710677,
          0.7071069,
          0,
          0.053155214,
          0.50910556,
          0.390651,
          1
        ]
      },
      {
        "date" : 784691964.105259,
        "title" : "Untitled",
        "transform" : [
          1,
          0,
          0,
          0,
          0,
          0.7071069,
          -0.70710677,
          0,
          0,
          0.70710677,
          0.7071069,
          0,
          0,
          0.4498782,
          0.44987822,
          1
        ]
      },
      {
        "date" : 784691957.838006,
        "title" : "Untitled",
        "transform" : [
          1,
          0,
          0,
          0,
          0,
          0.7071069,
          -0.70710677,
          0,
          0,
          0.70710677,
          0.7071069,
          0,
          0,
          0.66777325,
          0.6677733,
          1
        ]
      }
    ],
    "58C45CEF-4D98-46CB-99A3-17FF77BF77AE" : [
      {
        "date" : 784717765.368481,
        "title" : "Untitled",
        "transform" : [
          1,
          0,
          0,
          0,
          0,
          0.7071069,
          -0.70710677,
          0,
          0,
          0.70710677,
          0.7071069,
          0,
          1.1322985,
          15.6359415,
          35.69285,
          1
        ]
      },
      {
        "date" : 784717676.083219,
        "title" : "Untitled",
        "transform" : [
          1,
          0,
          0,
          0,
          0,
          0.7071069,
          -0.70710677,
          0,
          0,
          0.70710677,
          0.7071069,
          0,
          4.9915233,
          15.080407,
          34.48495,
          1
        ]
      },
      {
        "date" : 784717670.158463,
        "title" : "Untitled",
        "transform" : [
          1,
          0,
          0,
          0,
          0,
          0.7071069,
          -0.70710677,
          0,
          0,
          0.70710677,
          0.7071069,
          0,
          -0.16699636,
          11.965617,
          11.8046665,
          1
        ]
      },
      {
        "date" : 784717656.067914,
        "title" : "Untitled",
        "transform" : [
          1,
          0,
          0,
          0,
          0,
          0.7071069,
          -0.70710677,
          0,
          0,
          0.70710677,
          0.7071069,
          0,
          0.37676954,
          1.983752,
          2.080902,
          1
        ]
      },
      {
        "date" : 784717649.67609,
        "title" : "Untitled",
        "transform" : [
          1,
          0,
          0,
          0,
          0,
          0.7071069,
          -0.70710677,
          0,
          0,
          0.70710677,
          0.7071069,
          0,
          -1.2529731,
          8.650149,
          15.5795355,
          1
        ]
      },
      {
        "date" : 784712838.578041,
        "title" : "Untitled",
        "transform" : [
          1,
          0,
          0,
          0,
          0,
          0.7071069,
          -0.70710677,
          0,
          0,
          0.70710677,
          0.7071069,
          0,
          -4.842504,
          8.232903,
          15.996781,
          1
        ]
      },
      {
        "date" : 784712829.501203,
        "title" : "Untitled",
        "transform" : [
          1,
          0,
          0,
          0,
          0,
          0.7071069,
          -0.70710677,
          0,
          0,
          0.70710677,
          0.7071069,
          0,
          0.06892317,
          2.8324087,
          3.268196,
          1
        ]
      },
      {
        "date" : 784712821.346245,
        "title" : "Untitled",
        "transform" : [
          1,
          0,
          0,
          0,
          0,
          0.7071069,
          -0.70710677,
          0,
          0,
          0.70710677,
          0.7071069,
          0,
          0.0231092,
          1.3875781,
          2.2700024,
          1
        ]
      }
    ],
    "AF09ED6F-1707-48FD-8720-65B998362C09" : [
      {
        "date" : 784710583.95674,
        "title" : "Untitled",
        "transform" : [
          1,
          0,
          0,
          0,
          0,
          0.7071069,
          -0.70710677,
          0,
          0,
          0.70710677,
          0.7071069,
          0,
          0.12054795,
          3.012837,
          2.2895503,
          1
        ]
      }
    ],
    "B77225D1-9A49-4103-8256-1A10AE50B9C9" : [
      {
        "date" : 784691976.527318,
        "title" : "Untitled",
        "transform" : [
          1,
          0,
          0,
          0,
          0,
          0.7071069,
          -0.70710677,
          0,
          0,
          0.70710677,
          0.7071069,
          0,
          -0.117862046,
          1.7963783,
          1.8612021,
          1
        ]
      }
    ],
    "D66134B1-3681-4A8E-AFE5-29F257229F3B" : [
      {
        "date" : 784706089.516601,
        "title" : "Untitled",
        "transform" : [
          1,
          0,
          0,
          0,
          0,
          0.7071069,
          -0.70710677,
          0,
          0,
          0.70710677,
          0.7071069,
          0,
          0.03570503,
          0.4427898,
          0.283896,
          1
        ]
      },
      {
        "date" : 784691914.818144,
        "title" : "Untitled",
        "transform" : [
          1,
          0,
          0,
          0,
          0,
          0.7071069,
          -0.70710677,
          0,
          0,
          0.70710677,
          0.7071069,
          0,
          0,
          0.36315677,
          0.36352894,
          1
        ]
      },
      {
        "date" : 784691913.594498,
        "title" : "Untitled",
        "transform" : [
          1,
          0,
          0,
          0,
          0,
          0.7071069,
          -0.70710677,
          0,
          0,
          0.70710677,
          0.7071069,
          0,
          0,
          0.12736344,
          0.12773558,
          1
        ]
      }
    ]
  },
  "sceneViewportBackgroundColors" : {

  },
  "selectedSceneRelativePath" : "Untitled Scene.usda"
}